              precision    recall  f1-score   support

           0       0.65      0.83      0.73        24
           1       0.35      0.54      0.43        24
           2       1.00      0.46      0.63        13
           3       0.67      0.21      0.32        19
           4       0.46      0.29      0.35        21
           5       0.00      0.00      0.00         7
           6       0.86      0.75      0.80        24
           7       0.83      0.65      0.73        23
           8       0.00      0.00      0.00         4
           9       0.46      0.79      0.58        24
          10       0.81      0.71      0.76        24
          11       0.82      0.82      0.82        22
          12       0.44      0.17      0.25        23
          13       0.84      0.76      0.80        21
          14       0.71      0.53      0.61        19
          15       0.72      0.75      0.73        24
          16       0.81      0.71      0.76        24
          17       0.94      0.70      0.80        23
          18       0.55      0.74      0.63        23
          19       0.83      0.91      0.87        22
          20       0.69      1.00      0.81        24
          21       0.61      0.77      0.68        22
          22       0.45      0.61      0.52        23
          23       0.56      0.75      0.64        20

    accuracy                           0.65       497
   macro avg       0.63      0.60      0.59       497
weighted avg       0.66      0.65      0.64       497
